477
2216
18
978
1783
2137
135
594
811
280
560
924
261
632
1259
124
2671
675
861
534
836
1045
552
114
233
579
2313
2647
1010
470
514
2922
103
258
557
2645
395
522
105
554
2463
2995
555
454
589
249
613
1793
2659
2597
2644
604
322
864
616
2077
2327
2656
1714
467
2873
2697
510
246
791
539
577
3084
130
35
92
1326
481
2527
638
3151
276
1839
111
2799
575
1099
3152
1650
1162
2039
2186
107
2140
2551
422
278
2666
2213
1509
2736
259
452
2374
856
3211
635
1112
1990
591
1695
598
1617
2432
1230
237
2148
1993
230
1850
911
101
1266
1033
2660
77
1241
266
2917
56
476
2649
110
1173
2247
2686
1553
2298
1457
16
1065
1897
1797
2693
1008
2720
2521
2542
121
3135
1290
2000
33
610
3040
3117
1607
1979
1943
2031
2663
3014
876
1128
1984
2059
400
2046
2161
416
1515
1932
1155
1024
388
1049
3126
327
1728
3154
563
1151
930
125
801
426
2225
622
2802
2804
1952
553
869
1470
581
1880
1835
2144
2741
1331
1593
3023
2701
312
1191
1408
2447
537
993
2042
1403
1715
1085
2966
1645
2348
109
586
1852
1965
2908
2108
1165
108
1461
1800
2926
486
1730
128
1500
2422
656
76
3095
3124
3193
1648
1080
2664
1655
2249
1319
3139
2518
1524
73
2288
2128
1787
2227
627
1915
2765
859
6
2933
2545
1360
999
2654
1958
1304
1957
1278
1710
112
1202
1377
1233
248
2948
1751
2998
268
1102
1753
2585
565
550
1075
501
2122
2063
2011
2019
2188
998
2028
336
834
2651
2782
1689
992
1268
1109
3137
1317
2721
977
3115
650
1595
3171
2652
433
3196
2681
2238
1863
2655
2699
424
3247
818
1808
620
1495
420
806
2801
2016
2175
1564
1447
347
2823
3113
1035
362
3004
544
2537
980
2577
2683
2773
899
1170
288
2662
2661
2318
2099
3250
831
1397
976
462
542
1963
532
1144
2893
2757
1874
2679
1550
42
2219
1673
430
527
596
465
2159
1006
2607
1042
920
1951
1444
1636
2793
1177
508
1960
1517
2852
2402
545
894
1944
1426
1533
2092
2746
2200
271
3236
996
132
376
1859
3008
1009
1264
1996
2452
2387
2370
2821
2473
821
1043
472
390
2263
2710
2445
442
1083
3061
1841
512
349
2712
2211
3053
2627
309
902
350
601
2508
1138
2482
3075
1379
2331
1948
2184
1097
1030
664
1023
989
358
3002
305
2939
2166
1576
1601
2116
2209
2380
2475
2481
1983
2763
2906
543
117
2582
516
2743
1195
1216
87
1310
520
3033
2072
574
2633
2437
1719
247
2403
2260
3027
851
1746
2438
1623
2849
2434
3006
2323
2084
2772
2210
3144
2266
99
2841
2205
1762
1698
816
2306
3047
3147
665
888
886
860
3214
1208
1634
1580
3249
2440
2038
843
1547
2004
3212
2075
1095
3156
1920
2674
2350
2101
1132
1589
2891
2550
1415
1370
2277
608
3089
355
1543
302
1451
681
236
793
2255
1209
1386
790
2955
2864
905
2253
123
3055
2120
2973
2274
2373
2014
1566
2855
360
2458
3179
2360
2322
1235
2388
2689
293
2617
1218
2589
642
2136
2729
1583
2294
3073
2771
2576
445
2984
2975
1602
985
1325
2778
2980
1692
2093
393
2496
2234
2767
1735
1704
2384
3182
3146
1940
2308
840
1123
1225
2243
2355
3065
815
3048
398
3244
845
371
1213
1526
2058
2157
1388
2268
897
2620
1269
3186
411
1766
2314
2117
1817
10
2861
3258
2859
2719
1763
2781
1779
2026
1955
2630
2706
2076
1372
2580
1971
1638
944
396
2467
2825
365
803
1640
839
1708
3112
2628
386
1435
2956
884
2623
1702
1635
1709
941
1606
1488
1440
1309
2008
375
1755
1654
787
408
2749
2723
2340
1973
2444
1599
1140
807
2471
1560
2878
2103
3248
939
2276
2045
2559
1096
3190
2636
1116
1758
1262
2096
2616
3036
1293
1242
2625
949
159
209
214
242
3317
104
1260
572
3319
3318
279
478
253
243
254
460
573
238
1685
2566
2030
1297
1271
2057
2055
2034
2104
1394
2938
2941
901
3309
1152
3313
1925
102
562
2250
131
922
1387
290
2735
3071
1277
1231
590
655
3068
2961
2960
3251
3246
3242
3240
3238
3224
3222
3221
3220
3219
3215
3210
3209
3208
3206
3204
3201
3200
3199
3197
3195
3194
3192
3191
3189
3183
3181
3180
3178
3176
3175
3174
3170
3168
3167
3153
3149
3143
3138
3136
3134
3133
3131
3130
3128
3127
3125
3123
3122
3121
3120
3118
3116
3114
3111
3110
3108
3106
3104
3102
3100
3099
3083
3079
3072
3066
3064
3063
3062
3223
3239
3057
3054
3052
3051
3050
3045
3042
3041
3038
3031
3030
3029
3028
3026
3025
3021
3016
3015
3011
3005
3003
2999
2997
2996
2992
2991
2990
2988
2985
2983
2982
2979
2976
2974
2972
2971
2970
2967
2965
2959
2957
2954
2953
2951
2949
2947
2944
2942
2937
2930
2928
2927
2925
2921
2920
2919
2916
2914
2912
2911
2909
2907
2904
2903
2902
2898
2896
2890
2889
2888
2886
2885
2884
2881
2874
2872
2871
2870
2869
2868
2867
2866
2865
2863
2860
2858
2854
2853
2847
2846
2844
2840
2838
2837
2836
2835
2832
2829
2828
2822
2820
2817
2813
2812
2806
2803
2800
2797
2796
2795
2794
2791
2790
2786
2783
2780
2779
2777
2774
2770
2769
2764
2760
2758
2756
2754
2753
2750
2747
2742
2739
2738
2737
2734
2733
2732
2731
2730
2724
2722
2718
2716
2715
2705
2704
2703
2702
2700
2698
2692
2691
2690
2688
2687
2682
2678
2677
2676
2675
2673
2672
2668
2667
2665
2657
2650
2643
2642
2637
2634
2631
2629
2626
2619
2618
2613
2612
2610
2609
2608
2599
2598
2596
2595
2594
2591
2590
2588
2587
2586
2584
2583
2579
2578
2574
2571
2570
2569
2567
2565
2561
2557
2553
2552
2548
2547
2546
2544
2543
2541
2540
2539
2536
2535
2533
2531
2529
2528
2525
2523
2522
2519
2517
2516
2515
2068
2066
2065
2060
2056
2054
2053
2050
2049
2048
2047
2044
2040
2036
2033
2029
2511
3241
2510
2509
2506
2505
2504
2498
2497
2491
2489
3245
2485
2484
2483
2479
2478
2476
2474
2472
2021
2468
2466
3254
2465
2464
2020
2462
2456
2017
2451
2448
2446
2443
2013
2442
2441
2439
2012
2435
2433
2431
2429
2428
2427
2426
2425
2424
2423
2421
2006
2420
2419
2411
2410
2409
2408
2405
2404
2400
2001
2399
2398
2395
2393
2391
1994
2390
2385
2378
1991
1988
1987
1986
1985
2376
1980
2372
2371
1976
2367
2366
1970
2363
1966
2361
2359
2358
2357
2353
1962
1954
1950
2345
1945
1941
1939
1938
1937
1934
1933
2342
2341
2337
2334
2326
2325
2324
2321
2320
2319
2316
2311
2310
2307
2304
1921
2302
2301
2299
2296
2293
2291
1918
2290
2289
1917
2286
2285
1911
1908
1905
2280
2279
1903
2278
2275
2270
2267
2264
2261
2259
2256
2254
2251
2248
1896
2244
1893
2240
2239
2237
1889
2236
2235
1885
2232
2231
2229
2228
2226
2223
2222
1883
1881
2220
1875
1871
2207
2206
2203
2201
1868
2199
2195
1866
2193
2189
2187
1864
2181
2179
2178
2176
2174
2162
2160
2158
2155
2173
2172
1851
1849
2171
1845
2170
2169
1844
1842
2153
2152
1840
2151
2149
2147
2146
2139
2138
2132
2131
2130
2129
2127
2123
2121
2119
2133
2141
2118
2114
2113
2110
2109
2105
2098
2095
2090
2089
2088
2087
2082
2081
2078
2073
1831
1828
1824
1811
1805
1801
1799
1614
1798
1796
1794
1742
1741
1740
1739
1737
1736
1734
1733
1732
1731
1729
1725
1724
1722
1721
1718
1790
1716
1711
1789
1706
1705
1788
1701
1697
1696
1693
1691
1690
1687
1686
1683
1682
1681
1678
1677
1675
1784
1672
1670
1669
1668
1782
1665
1664
1661
1781
1780
1658
1657
1652
1777
1651
1649
1646
1643
1642
1639
1637
1633
1632
1775
1626
1624
1620
1619
1618
1615
1612
1608
1597
1769
1767
1765
1764
1759
1592
1590
1582
1579
1578
1577
1575
1574
1745
1565
1563
880
877
1561
1558
1557
1556
1555
1554
1552
1548
1545
1544
1542
1541
1540
1537
1535
1534
1532
1530
1528
858
1525
1523
1522
1518
1514
1510
1508
1503
1501
1499
1498
1497
1491
1485
1484
832
1480
1479
1478
1474
1473
822
1472
1469
1468
1466
1465
1464
1462
1459
1456
1455
1453
1452
1450
1446
1445
1443
1442
1430
1422
1421
667
666
1418
1416
1413
1411
660
659
1407
1404
1402
657
1399
1398
1396
1395
1393
1392
1391
1389
1385
1384
1380
1378
1376
1375
1369
1368
1365
1361
1359
1357
1356
1355
1352
1351
1345
641
640
639
1340
1333
1332
629
1330
624
1328
1339
1327
1323
1321
1320
1318
1315
1314
1312
1308
1306
1305
1301
1300
1299
1298
1296
1295
1292
1291
1287
1281
1280
1279
1276
1275
1274
1272
1267
1265
1263
1261
1258
1257
1256
1254
1253
1252
1249
623
1248
621
619
1246
1245
1244
1243
614
1239
611
609
600
599
597
595
1238
593
1237
1234
1232
587
1228
1227
1224
1223
1219
1215
1214
1212
583
582
1210
1207
1206
1205
1204
1201
1200
1199
1198
580
1196
578
1189
1188
1186
571
1182
1181
1180
556
551
1178
1174
1172
1171
1169
1168
1166
1164
1163
1160
1159
1158
1157
1156
1154
1153
547
538
536
530
529
526
519
1148
1146
1142
1141
1139
1137
1135
1130
1129
1126
1125
1121
1120
1119
1118
1117
517
1115
1076
513
1069
1067
1066
507
1051
1050
1046
1044
504
919
918
915
903
898
891
879
874
872
484
853
842
838
819
798
795
789
788
680
670
669
649
648
269
257
473
57
34
13
11
7
5
4
3
456
1082
1084
1086
1087
450
1090
1093
1103
1105
439
1107
1113
1114
1041
1036
1034
1032
1029
425
1028
1027
423
1026
1025
421
417
409
412
340
339
1018
1017
337
333
332
321
1013
1015
1014
308
1012
1007
1005
1000
994
990
984
981
970
968
966
965
963
959
957
952
950
948
946
938
945
933
932
927
913
2401
910
830
829
809
796
679
677
676
674
673
668
663
630
617
615
606
605
592
564
558
528
523
458
453
437
428
418
385
383
381
379
356
352
348
342
341
335
331
325
320
317
304
303
297
285
274
272
245
241
231
211
208
173
158
147
142
134
133
122
119
113
106
93
1549
1853
256
2818
810
637
471
438
1712
3158
1587
83
89
535
1989
893
267
1161
1757
2091
367
2392
1546
378
1438
1529
1363
3087
3082
2845
1194
2018
2507
2455
1091
8
2614
1022
2640
1834
1772
1810
1770
3067
983
1354
1367
457
2924
2940
2383
461
2094
2406
1895
2386
844
827
1680
971
2069
1752
1891
2416
855
2413
3218
804
1855
161
1854
427
2414
835
2185
3096
1884
391
455
182
1596
871
1031
1997
883
392
1898
1247
1496
2192
1070
2766
126
1795
1088
324
2024
1773
1792
1809
2711
2648
323
328
329
2125
240
1551
1858
2900
1538
1467
1754
2245
2349
812
1916
1902
651
626
628
633
1203
889
1336
962
923
1100
1079
1047
373
487
511
515
475
3024
1021
380
1870
540
2602
607
1127
2126
684
1185
2989
414
2851
299
300
429
451
2808
833
1
364
1679
1674
345
524
466
521
2007
410
1101
1350
1978
1992
1098
1358
1313
1324
1581
1768
546
1511
1512
2194
2191
2918
2968
2929
2931
2952
2964
2936
907
1613
967
937
916
917
295
334
1818
370
1833
852
1222
3074
9
2283
1807
3188
2297
2335
1584
2346
2309
3044
284
1486
283
1429
1439
1927
1900
100
1882
2197
1255
1251
289
2032
841
2621
1843
2281
850
1483
1747
2
914
3092
3086
1876
646
682
1912
1923
1888
1771
2352
505
1353
413
436
1437
1419
1410
3076
2708
1659
402
2449
2461
394
403
1647
1660
1699
359
1110
3070
2963
942
929
928
908
935
1217
961
2100
2856
318
310
387
343
313
316
3081
3105
1449
2212
2295
2215
1423
361
1406
1838
2079
1448
3217
987
3018
885
531
1072
1074
1071
1068
1995
2862
1972
1089
2022
369
2003
2005
2010
890
887
1974
1707
1311
2488
1362
1334
1409
909
931
2646
118
282
926
925
2694
500
485
463
525
464
2145
252
377
389
401
1516
3001
1749
2696
1750
1825
2154
12
1145
2375
2923
351
1471
281
1401
1427
576
2328
2332
2805
115
1631
3060
1969
2282
2831
474
2784
1931
306
301
1136
3166
1625
3160
3165
3164
3161
3162
2417
1627
2977
1869
848
3185
2934
190
863
808
19
3159
1458
3157
1487
1594
969
960
344
1977
541
354
3150
277
518
533
1081
1942
3172
800
854
585
618
265
1774
346
1919
235
1837
2218
1539
631
1520
3184
2894
896
2043
1802
1804
1586
353
2615
1803
1832
2377
2305
2899
307
1887
1913
1877
1928
1901
1914
1684
1717
2389
1106
120
1273
1282
1236
2067
685
2143
2180
904
294
2593
1147
2534
1829
661
2208
1229
588
1382
1846
2124
1337
287
441
415
449
846
1342
448
995
2839
2827
1961
799
814
138
149
189
192
202
213
221
1812
1814
1816
2233
2412
2658
1348
2604
3205
